0	1	-6.3890560989306504069418224389664828777313232421875
1	3	-4.3890560989306504069418224389664828777313232421875
2	5	-2.3890560989306504069418224389664828777313232421875
3	6.3333333333333333334778936229980672578676603734493255615234375	-1.0557227655973170734639288159684156198636628687381744384765625
4	7	-0.3890560989306504069418224389664828777313232421875
5	7.2666666666666666668690510721972941610147245228290557861328125	-0.1223894322639837400727713667691887167165987193584442138671875
6	7.3555555555555555556808411399316582901519723236560821533203125	-0.0335005433750948512609812990348245875793509185314178466796875
7	7.3809523809523809524842097307129051841911859810352325439453125	-0.0081037179782694544576127082535776935401372611522674560546875
8	7.3873015873015873016850518784082169077009893953800201416015625	-0.0017545116290631052567705605582659700303338468074798583984375
9	7.3887125220458553793816125487836643515038304030895233154296875	-0.0003435768847950275602098901828185262274928390979766845703125
10	7.3889947089947089950943970304564345497055910527706146240234375	-6.13899359414118474254085100483280257321894168853759765625e-05
11	7.3890460157126823799271508885766479579615406692028045654296875	-1.00832179680270146715503898349197697825729846954345703125e-05
12	7.3890545668323446108771701545947507838718593120574951171875	-1.5320983057960646522843717320938594639301300048828125e-06
13	7.389058806880553958822133164829892848501913249492645263671875	2.707949903551880310725863409970770590007305145263671875e-06
14	7.3890716174364520188629079644471175924991257488727569580078125	1.55185058016119210855254806347147678025066852569580078125e-05
15	7.3890879662047255992639305244296110686264000833034515380859375	3.18672740751923221080854631281908950768411159515380859375e-05
16	7.389120665712598005903100073510358924977481365203857421875	6.4566781947598961277634543876047246158123016357421875e-05
17	7.3891533809996337556734447016282274489640258252620697021484375	9.72820689833487316222626617445712327025830745697021484375e-05
18	7.389230560847975353734595760357706240029074251651763916015625	0.000174461917324946792773321391223362297751009464263916015625
19	7.3940123898975868301473857169270331723964773118495941162109375	0.0049562909669364232055632779605502946651540696620941162109375
20	7.3944905728025479775718242780868649788317270576953887939453125	0.0054344738718975706300018391203821011004038155078887939453125
21	7.3951671055721040029008739313809428495005704462528228759765625	0.0061110066414535959590514924144599717692472040653228759765625
22	7.3962789888243625157325522589957245145342312753200531005859375	0.0072228898937121087907298200292416368029080331325531005859375
23	7.4060054325933594760074385465742352607776410877704620361328125	0.0169493336627090690656161076077523830463178455829620361328125
24	7.410773013046279619232825641716999598429538309574127197265625	0.021716914115629212291003202750516720698215067386627197265625
25	7.426934629207895780834969290395974894636310636997222900390625	0.037878530277245373893146851429492016904987394809722900390625
26	7.4544260381426036845241289707786336293793283402919769287109375	0.0653699392119532775823065318121507516480050981044769287109375
27	7.54482151836859238520915926784482508082874119281768798828125	0.15576541943794197826733682887834220309741795063018798828125
28	7.6367755413570981323605202373272504701162688434123992919921875	0.2477194424264477254186977983607675923849456012248992919921875
29	7.8125997171812739563838412504281905057723633944988250732421875	0.4235436182506235494420188114617076280410401523113250732421875
30	8.5745044790860358609185798428597991005517542362213134765625	1.1854483801553854539767574038933162228204309940338134765625
31	11.483595388176944951906521819040563059388659894466400146484375	4.094539289246294544964699380074080181657336652278900146484375
32	13.483595388176944951906521819040563059388659894466400146484375	6.094539289246294544964699380074080181657336652278900146484375
33	17.483595388176944952773883557028966606594622135162353515625	10.094539289246294545832061118062483728863298892974853515625
34	inf	inf
35	inf	inf
36	inf	inf
37	inf	inf
38	inf	inf
39	inf	inf
40	inf	inf
41	inf	inf
42	inf	inf
43	inf	inf
44	inf	inf
45	inf	inf
46	inf	inf
47	inf	inf
48	inf	inf
49	inf	inf
50	inf	inf
51	inf	inf
52	inf	inf
53	inf	inf
54	inf	inf
55	inf	inf
56	inf	inf
57	inf	inf
58	inf	inf
59	inf	inf
60	inf	inf
