0	1	0.86466471676338729768218627214082516729831695556640625
1	-1	-1.13533528323661270231781372785917483270168304443359375
2	1	0.86466471676338729768218627214082516729831695556640625
3	-0.333333333333333333369473405749516814466915093362331390380859375	-0.468668616569946035687287133608691647168598137795925140380859375
4	0.3333333333333333333152632971252415927665424533188343048095703125	0.1979980500967206309974495692660667600648594088852405548095703125
5	0.06666666666666666663594760511291070770312217064201831817626953125	-0.06866861656994603568186612274626412499856087379157543182373046875
6	0.155555555555555555529052835783687669390928931534290313720703125	0.020220272318942853211239107924512836689245887100696563720703125
7	0.13015873015873015869857919069030316450152895413339138031005859375	-0.00517655307788254361923453716887166820015409030020236968994140625
8	0.13650793650793650789942133838561488801133236847817897796630859375	0.00117265327132380558160761052644005530964932404458522796630859375
9	0.135097001763668430297728358102649082184143480844795703887939453125	-0.000238281472944272020085369756525750517539563588798046112060546875
10	0.135379188712522045820777459590456004434599890373647212982177734375	4.3905475909343502963731731281171732916845940053462982177734375e-05
11	0.135327881994548661177758981655205872129954514093697071075439453125	-7.401242064041140054746203968960571728530339896678924560546875e-06
12	0.1353364331142108919515953946444142275140620768070220947265625	1.1498775981896337816667852393948123790323734283447265625e-06
13	0.13533219306600154381689700422430888693270389921963214874267578125	-3.09017061115850091672363486594576897914521396160125732421875e-06
14	0.135345003621899603817014222373327214654636918567121028900146484375	9.720385286901499200494514152381952953874133527278900146484375e-06
15	0.135328654853626023524411879639384181928107864223420619964599609375	-6.628382986678793401848219790650773575180210173130035400390625e-06
16	0.13536135436149843004160868431551278945335070602595806121826171875	2.607112488572772379495645633795675166766159236431121826171875e-05
17	0.135328639074462680406789327758332319717737846076488494873046875	-6.644162150021911024400100842512983945198357105255126953125e-06
18	0.1354058189228042784137302778635358890824136324226856231689453125	7.05356861915760959165500043610563807305879890918731689453125e-05
19	0.13062398987319280202804537560634656756519689224660396575927734375	-0.00471129336341990028976835225282826513648615218698978424072265625
20	0.13110217277815394966932437126327926080193719826638698577880859375	-0.00423311045845875264848935659589557189974584616720676422119140625
21	0.130425640008597924299617136500994973857814329676330089569091796875	-0.004909643228014778018196591358179858843868714757263660430908203125
22	0.131537523260856437158400518427914249741661478765308856964111328125	-0.003797759975756265159413209431260582960021565668284893035888671875
23	0.1218110794918594766734500599303370194093076861463487148284912109375	-0.0135242037447532256443636679288378132923753582872450351715087890625
24	0.126578659944779619702325511310103678397354087792336940765380859375	-0.008756623291833082615488216549071154304328956641256809234619140625
25	0.11041704378316345808662933547505957676548860035836696624755859375	-0.02491823945344924423118439238411525593619444407522678375244140625
26	0.137908452717871361870656705950199949484158423729240894317626953125	0.002573169481258659552842978091025116782475379295647144317626953125
27	0.04751297249188266130759915328862774686058401130139827728271484375	-0.08782231074473004101021457457054708584109903313219547271728515625
28	0.1394669954803884084318550684589155252979253418743610382080078125	0.0041317122437757061140413405997406925962422974407672882080078125
29	-0.036357180343787415740543743358781370034193969331681728363037109375	-0.171692463580400118058357471217956202735877013765275478363037109375
30	0.725547581560974488997482756413859306121594272553920745849609375	0.590212298324361786679669028554684473419911228120326995849609375
31	-2.1835433275299346018820390025183542093145661056041717529296875	-2.3188786107665473041998527303775290420162491500377655029296875
32	-0.1835433275299346018820390025183542093145661056041717529296875	-0.3188786107665473041998527303775290420162491500377655029296875
33	-4.1835433275299346018820390025183542093145661056041717529296875	-4.3188786107665473041998527303775290420162491500377655029296875
34	inf	inf
35	-nan	-nan
36	-nan	-nan
37	-nan	-nan
38	-nan	-nan
39	-nan	-nan
40	-nan	-nan
41	-nan	-nan
42	-nan	-nan
43	-nan	-nan
44	-nan	-nan
45	-nan	-nan
46	-nan	-nan
47	-nan	-nan
48	-nan	-nan
49	-nan	-nan
50	-nan	-nan
51	-nan	-nan
52	-nan	-nan
53	-nan	-nan
54	-nan	-nan
55	-nan	-nan
56	-nan	-nan
57	-nan	-nan
58	-nan	-nan
59	-nan	-nan
60	-nan	-nan
